espAl2O3,espSiO2,Lambda,R-predicha
1e-08,1e-08,596.42147,22.779558474489974
1e-08,1e-08,604.83871,21.618959247665778
1e-08,1e-08,613.49693,20.460250632615093
1e-08,2e-08,596.42147,23.718164510903698
1e-08,2e-08,604.83871,22.6372853235913
1e-08,2e-08,613.49693,21.55582112444184
1e-08,3.0000000000000004e-08,596.42147,24.00636826264158
1e-08,3.0000000000000004e-08,604.83871,23.05771624909375
1e-08,3.0000000000000004e-08,613.49693,22.095236010071325
1e-08,4e-08,596.42147,23.510530602535674
1e-08,4e-08,604.83871,22.74679428590165
1e-08,4e-08,613.49693,21.94512548651693
1e-08,5e-08,596.42147,22.2052663056132
1e-08,5e-08,604.83871,21.667718181276335
1e-08,5e-08,613.49693,21.06985966583506
1e-08,6.000000000000002e-08,596.42147,20.163826226595653
1e-08,6.000000000000002e-08,604.83871,19.874523330752503
1e-08,6.000000000000002e-08,613.49693,19.512929850721143
1e-08,7e-08,596.42147,17.508278147825386
1e-08,7e-08,604.83871,17.468963424504715
1e-08,7e-08,613.49693,17.353315705196515
1e-08,8e-08,596.42147,14.388827693263856
1e-08,8e-08,604.83871,14.57603357394921
1e-08,8e-08,613.49693,14.69008242542926
1e-08,9.000000000000001e-08,596.42147,11.036528713354663
1e-08,9.000000000000001e-08,604.83871,11.386604402285307
1e-08,9.000000000000001e-08,613.49693,11.69106907038941
1e-08,1.0000000000000001e-07,596.42147,7.833042774857795
1e-08,1.0000000000000001e-07,604.83871,8.231857588269712
1e-08,1.0000000000000001e-07,613.49693,8.666502960998002
1e-08,1.1e-07,596.42147,5.282536702885913
1e-08,1.1e-07,604.83871,5.584370554576587
1e-08,1.1e-07,613.49693,6.071080272170192
1e-08,1.2000000000000004e-07,596.42147,3.8422745852126
1e-08,1.2000000000000004e-07,604.83871,3.921647094362811
1e-08,1.2000000000000004e-07,613.49693,4.37651473830779
1e-08,1.3e-07,596.42147,3.7081793924563726
1e-08,1.3e-07,604.83871,3.5151872053759945
1e-08,1.3e-07,613.49693,3.8703531726201277
1e-08,1.4e-07,596.42147,4.712236597128417
1e-08,1.4e-07,604.83871,4.292444146267293
1e-08,1.4e-07,613.49693,4.516047025038802
1e-08,1.5000000000000002e-07,596.42147,6.406850422611532
1e-08,1.5000000000000002e-07,604.83871,5.872286362716377
1e-08,1.5000000000000002e-07,613.49693,5.973039305724012
1e-08,1.6e-07,596.42147,8.271516044817943
1e-08,1.6e-07,604.83871,7.74475256297538
1e-08,1.6e-07,613.49693,7.758800204935307
1e-08,1.7000000000000001e-07,596.42147,9.906916384684225
1e-08,1.7000000000000001e-07,604.83871,9.473957693517777
1e-08,1.7000000000000001e-07,613.49693,9.443963024769586
1e-08,1.8000000000000002e-07,596.42147,11.121668077676828
1e-08,1.8000000000000002e-07,604.83871,10.8150604185789
1e-08,1.8000000000000002e-07,613.49693,10.774010206695754
1e-08,1.9e-07,596.42147,11.907033025400777
1e-08,1.9e-07,604.83871,11.716641078498927
1e-08,1.9e-07,613.49693,11.682189695140098
1e-08,2.0000000000000002e-07,596.42147,12.355718423356008
1e-08,2.0000000000000002e-07,604.83871,12.250920245368157
1e-08,2.0000000000000002e-07,613.49693,12.228172685450998
2e-08,1e-08,596.42147,25.51602275381638
2e-08,1e-08,604.83871,24.474894878504763
2e-08,1e-08,613.49693,23.379651556791494
2e-08,2e-08,596.42147,25.83826533105252
2e-08,2e-08,604.83871,24.947049427988468
2e-08,2e-08,613.49693,23.984650495587687
2e-08,3.0000000000000004e-08,596.42147,25.37169024476683
2e-08,3.0000000000000004e-08,604.83871,24.664243255285818
2e-08,3.0000000000000004e-08,613.49693,23.874187543843576
2e-08,4e-08,596.42147,24.083505376666373
2e-08,4e-08,604.83871,23.58855407925332
2e-08,4e-08,613.49693,23.003418194298966
2e-08,5e-08,596.42147,22.013984505995914
2e-08,5e-08,604.83871,21.75415744873441
2e-08,5e-08,613.49693,21.403422866589928
2e-08,6.000000000000002e-08,596.42147,19.27407052054965
2e-08,6.000000000000002e-08,604.83871,19.258856128236083
2e-08,6.000000000000002e-08,613.49693,19.15817097924289
2e-08,7e-08,596.42147,16.031592534661165
2e-08,7e-08,604.83871,16.245609432254376
2e-08,7e-08,613.49693,16.381882800480575
2e-08,8e-08,596.42147,12.5193466722531
2e-08,8e-08,604.83871,12.906168403011684
2e-08,8e-08,613.49693,13.230663966046812
2e-08,9.000000000000001e-08,596.42147,9.071951241843543
2e-08,9.000000000000001e-08,604.83871,9.521254255054139
2e-08,9.000000000000001e-08,613.49693,9.953851977334928
2e-08,1.0000000000000001e-07,596.42147,6.133342268244398
2e-08,1.0000000000000001e-07,604.83871,6.48962619939919
2e-08,1.0000000000000001e-07,613.49693,6.931614255032763
2e-08,1.1e-07,596.42147,4.164350198917099
2e-08,1.1e-07,604.83871,4.269931193289004
2e-08,1.1e-07,613.49693,4.623896846078502
2e-08,1.2000000000000004e-07,596.42147,3.463485061654289
2e-08,1.2000000000000004e-07,604.83871,3.2219877344542525
2e-08,1.2000000000000004e-07,613.49693,3.416741630024731
2e-08,1.3e-07,596.42147,4.014892571292329
2e-08,1.3e-07,604.83871,3.4372195778651644
2e-08,1.3e-07,613.49693,3.4490278254735856
2e-08,1.4e-07,596.42147,5.48107957116089
2e-08,1.4e-07,604.83871,4.681334268250506
2e-08,1.4e-07,613.49693,4.538825317286575
2e-08,1.5000000000000002e-07,596.42147,7.352779820841281
2e-08,1.5000000000000002e-07,604.83871,6.495537467571436
2e-08,1.5000000000000002e-07,613.49693,6.2631781263011685
2e-08,1.6e-07,596.42147,9.15630995949588
2e-08,1.6e-07,604.83871,8.388882030646416
2e-08,1.6e-07,613.49693,8.137930940194169
2e-08,1.7000000000000001e-07,596.42147,10.59733518580792
2e-08,1.7000000000000001e-07,604.83871,10.004777833303784
2e-08,1.7000000000000001e-07,613.49693,9.788010721597239
2e-08,1.8000000000000002e-07,596.42147,11.587713918789012
2e-08,1.8000000000000002e-07,604.83871,11.18624265903877
2e-08,1.8000000000000002e-07,613.49693,11.027609231177962
2e-08,1.9e-07,596.42147,12.184196757700864
2e-08,1.9e-07,604.83871,11.942985537321118
2e-08,1.9e-07,613.49693,11.842047064486518
2e-08,2.0000000000000002e-07,596.42147,12.502504221572774
2e-08,2.0000000000000002e-07,604.83871,12.373070878239822
2e-08,2.0000000000000002e-07,613.49693,12.316422340498837
3.0000000000000004e-08,1e-08,596.42147,27.106261147295633
3.0000000000000004e-08,1e-08,604.83871,26.29611280694384
3.0000000000000004e-08,1e-08,613.49693,25.41019812630453
3.0000000000000004e-08,2e-08,596.42147,26.684421490105073
3.0000000000000004e-08,2e-08,604.83871,26.077309947507537
3.0000000000000004e-08,2e-08,613.49693,25.37331826157937
3.0000000000000004e-08,3.0000000000000004e-08,596.42147,25.431706197312074
3.0000000000000004e-08,3.0000000000000004e-08,604.83871,25.047051772016694
3.0000000000000004e-08,3.0000000000000004e-08,613.49693,24.552343976698076
3.0000000000000004e-08,4e-08,596.42147,23.398341228435008
3.0000000000000004e-08,4e-08,604.83871,23.24277714730669
3.0000000000000004e-08,4e-08,613.49693,22.97436456878325
3.0000000000000004e-08,5e-08,596.42147,20.669513530989597
3.0000000000000004e-08,5e-08,604.83871,20.742739753573623
3.0000000000000004e-08,5e-08,613.49693,20.712534958883744
3.0000000000000004e-08,6.000000000000002e-08,596.42147,17.39059043374177
3.0000000000000004e-08,6.000000000000002e-08,604.83871,17.678791243883346
3.0000000000000004e-08,6.000000000000002e-08,613.49693,17.88174658482213
3.0000000000000004e-08,7e-08,596.42147,13.792790681508073
3.0000000000000004e-08,7e-08,604.83871,14.250079890021361
3.0000000000000004e-08,7e-08,613.49693,14.64516995278263
3.0000000000000004e-08,8e-08,596.42147,10.211237099951028
3.0000000000000004e-08,8e-08,604.83871,10.739310419170742
3.0000000000000004e-08,8e-08,613.49693,11.239537408777117
3.0000000000000004e-08,9.000000000000001e-08,596.42147,7.076768715088853
3.0000000000000004e-08,9.000000000000001e-08,604.83871,7.521721920679418
3.0000000000000004e-08,9.000000000000001e-08,613.49693,8.003038155918837
3.0000000000000004e-08,1.0000000000000001e-07,596.42147,4.8438748222651995
3.0000000000000004e-08,1.0000000000000001e-07,604.83871,5.027244967417168
3.0000000000000004e-08,1.0000000000000001e-07,613.49693,5.3564713986714665
3.0000000000000004e-08,1.1e-07,596.42147,3.844860707397565
3.0000000000000004e-08,1.1e-07,604.83871,3.62615640110959
3.0000000000000004e-08,1.1e-07,613.49693,3.6999590512083103
3.0000000000000004e-08,1.2000000000000004e-07,596.42147,4.136323918480521
3.0000000000000004e-08,1.2000000000000004e-07,604.83871,3.476938547919282
3.0000000000000004e-08,1.2000000000000004e-07,613.49693,3.25717750680311
3.0000000000000004e-08,1.3e-07,596.42147,5.447476111180208
3.0000000000000004e-08,1.3e-07,604.83871,4.4356741509869835
3.0000000000000004e-08,1.3e-07,613.49693,3.9636189926524423
3.0000000000000004e-08,1.4e-07,596.42147,7.284839846844967
3.0000000000000004e-08,1.4e-07,604.83871,6.102627998308151
3.0000000000000004e-08,1.4e-07,613.49693,5.482053348866838
3.0000000000000004e-08,1.5000000000000002e-07,596.42147,9.135090389697314
3.0000000000000004e-08,1.5000000000000002e-07,604.83871,7.985429641755697
3.0000000000000004e-08,1.5000000000000002e-07,613.49693,7.341614111276171
3.0000000000000004e-08,1.6e-07,596.42147,10.642945101457746
3.0000000000000004e-08,1.6e-07,604.83871,9.6790255618302
3.0000000000000004e-08,1.6e-07,613.49693,9.114938766938439
3.0000000000000004e-08,1.7000000000000001e-07,596.42147,11.676341843380094
3.0000000000000004e-08,1.7000000000000001e-07,604.83871,10.966856377316152
3.0000000000000004e-08,1.7000000000000001e-07,613.49693,10.537449613163279
3.0000000000000004e-08,1.8000000000000002e-07,596.42147,12.280047768582433
3.0000000000000004e-08,1.8000000000000002e-07,604.83871,11.81666552001688
3.0000000000000004e-08,1.8000000000000002e-07,613.49693,11.528409526428735
3.0000000000000004e-08,1.9e-07,596.42147,12.580646363468068
3.0000000000000004e-08,1.9e-07,604.83871,12.310190077160508
3.0000000000000004e-08,1.9e-07,613.49693,12.138013392322465
3.0000000000000004e-08,2.0000000000000002e-07,596.42147,12.706366345297793
3.0000000000000004e-08,2.0000000000000002e-07,604.83871,12.564595968238594
3.0000000000000004e-08,2.0000000000000002e-07,613.49693,12.472536185618639
4e-08,1e-08,596.42147,27.317391399481473
4e-08,1e-08,604.83871,26.82106739529148
4e-08,1e-08,613.49693,26.230998631373474
4e-08,2e-08,596.42147,26.147470708038462
4e-08,2e-08,604.83871,25.876231965837555
4e-08,2e-08,613.49693,25.499613223523376
4e-08,3.0000000000000004e-08,596.42147,24.167597988820027
4e-08,3.0000000000000004e-08,604.83871,24.138662594067448
4e-08,3.0000000000000004e-08,613.49693,23.991272208776586
4e-08,4e-08,596.42147,21.487936647515788
4e-08,4e-08,604.83871,21.694211489180894
4e-08,4e-08,613.49693,21.77909403312426
4e-08,5e-08,596.42147,18.240629572320977
4e-08,5e-08,604.83871,18.65563479948039
4e-08,5e-08,613.49693,18.964301010563155
4e-08,6.000000000000002e-08,596.42147,14.632649099790932
4e-08,6.000000000000002e-08,604.83871,15.205640271547985
4e-08,6.000000000000002e-08,613.49693,15.703866915383422
4e-08,7e-08,596.42147,10.985438875778264
4e-08,7e-08,604.83871,11.626416575135913
4e-08,7e-08,613.49693,12.235847712565253
4e-08,8e-08,596.42147,7.729617143763697
4e-08,8e-08,604.83871,8.297938200502067
4e-08,8e-08,613.49693,8.890760818369635
4e-08,9.000000000000001e-08,596.42147,5.336364346416268
4e-08,9.000000000000001e-08,604.83871,5.6541545702620155
4e-08,9.000000000000001e-08,613.49693,6.072084351088215
4e-08,1.0000000000000001e-07,596.42147,4.182398264862535
4e-08,1.0000000000000001e-07,604.83871,4.0831240351999085
4e-08,1.0000000000000001e-07,613.49693,4.179446505410915
4e-08,1.1e-07,596.42147,4.390363964395554
4e-08,1.1e-07,604.83871,3.7863216609485093
4e-08,1.1e-07,613.49693,3.476561634343021
4e-08,1.2000000000000004e-07,596.42147,5.738329543828378
4e-08,1.2000000000000004e-07,604.83871,4.669014286233242
4e-08,1.2000000000000004e-07,613.49693,3.966987345537305
4e-08,1.3e-07,596.42147,7.720836420661733
4e-08,1.3e-07,604.83871,6.348853515518186
4e-08,1.3e-07,613.49693,5.3672159434311055
4e-08,1.4e-07,596.42147,9.748727256510165
4e-08,1.4e-07,604.83871,8.301286053573211
4e-08,1.4e-07,613.49693,7.212469334681968
4e-08,1.5000000000000002e-07,596.42147,11.373351590883907
4e-08,1.5000000000000002e-07,604.83871,10.06130529900722
4e-08,1.5000000000000002e-07,613.49693,9.037205967158664
4e-08,1.6e-07,596.42147,12.408475826552364
4e-08,1.6e-07,604.83871,11.36509233944259
4e-08,1.6e-07,613.49693,10.525480917976912
4e-08,1.7000000000000001e-07,596.42147,12.90680638230202
4e-08,1.7000000000000001e-07,604.83871,12.170276530192787
4e-08,1.7000000000000001e-07,613.49693,11.561702819355204
4e-08,1.8000000000000002e-07,596.42147,13.045354209485426
4e-08,1.8000000000000002e-07,604.83871,12.580394831111034
4e-08,1.8000000000000002e-07,613.49693,12.187117694052699
4e-08,1.9e-07,596.42147,13.008156175068873
4e-08,1.9e-07,604.83871,12.744324217142024
4e-08,1.9e-07,613.49693,12.516475267393876
4e-08,2.0000000000000002e-07,596.42147,12.921797443396878
4e-08,2.0000000000000002e-07,604.83871,12.78673592905847
4e-08,2.0000000000000002e-07,613.49693,12.667917469974745
5e-08,1e-08,596.42147,26.12078986125983
5e-08,1e-08,604.83871,26.005387963706703
5e-08,1e-08,613.49693,25.76619055597657
5e-08,2e-08,596.42147,24.2685977769462
5e-08,2e-08,604.83871,24.371701209819214
5e-08,2e-08,613.49693,24.360025622507514
5e-08,3.0000000000000004e-08,596.42147,21.666174349033916
5e-08,3.0000000000000004e-08,604.83871,22.009073148266687
5e-08,3.0000000000000004e-08,613.49693,22.231312923817107
5e-08,4e-08,596.42147,18.47916150820091
5e-08,4e-08,604.83871,19.04341675093206
5e-08,4e-08,613.49693,19.487993249561548
5e-08,5e-08,596.42147,14.91240760250789
5e-08,5e-08,604.83871,15.638756051520254
5e-08,5e-08,613.49693,16.26897227649838
5e-08,6.000000000000002e-08,596.42147,11.266927502919337
5e-08,6.000000000000002e-08,604.83871,12.056589865894033
5e-08,6.000000000000002e-08,613.49693,12.797177160602992
5e-08,7e-08,596.42147,7.954329384353308
5e-08,7e-08,604.83871,8.670145825137375
5e-08,7e-08,613.49693,9.399536427772368
5e-08,8e-08,596.42147,5.444088396466007
5e-08,8e-08,604.83871,5.91959268724019
5e-08,8e-08,613.49693,6.479426516540364
5e-08,9.000000000000001e-08,596.42147,4.148540128279045
5e-08,9.000000000000001e-08,604.83871,4.218368057143941
5e-08,9.000000000000001e-08,613.49693,4.444467000810057
5e-08,1.0000000000000001e-07,596.42147,4.272224958145948
5e-08,1.0000000000000001e-07,604.83871,3.824877923265028
5e-08,1.0000000000000001e-07,613.49693,3.593975443550214
5e-08,1.1e-07,596.42147,5.688356388173069
5e-08,1.1e-07,604.83871,4.718995992108411
5e-08,1.1e-07,613.49693,3.995186906060347
5e-08,1.2000000000000004e-07,596.42147,7.93037263471701
5e-08,1.2000000000000004e-07,604.83871,6.559755909769017
5e-08,1.2000000000000004e-07,613.49693,5.41830717003478
5e-08,1.3e-07,596.42147,10.343366757267283
5e-08,1.3e-07,604.83871,8.784474421917622
5e-08,1.3e-07,613.49693,7.396005943005925
5e-08,1.4e-07,596.42147,12.333505607771102
5e-08,1.4e-07,604.83871,10.819869240102424
5e-08,1.4e-07,613.49693,9.39708919011157
5e-08,1.5000000000000002e-07,596.42147,13.5750557310087
5e-08,1.5000000000000002e-07,604.83871,12.287974028788486
5e-08,1.5000000000000002e-07,613.49693,11.01892468804259
5e-08,1.6e-07,596.42147,14.063996551748868
5e-08,1.6e-07,604.83871,13.09251473073967
5e-08,1.6e-07,613.49693,12.091720362241709
5e-08,1.7000000000000001e-07,596.42147,14.018128144103711
5e-08,1.7000000000000001e-07,604.83871,13.361894110851921
5e-08,1.7000000000000001e-07,613.49693,12.657939999757403
5e-08,1.8000000000000002e-07,596.42147,13.71587319309061
5e-08,1.8000000000000002e-07,604.83871,13.317000737789291
5e-08,1.8000000000000002e-07,613.49693,12.8728905721885
5e-08,1.9e-07,596.42147,13.373397644080502
5e-08,1.9e-07,604.83871,13.1544066180399
5e-08,1.9e-07,613.49693,12.902135725931508
5e-08,2.0000000000000002e-07,596.42147,13.101978415902682
5e-08,2.0000000000000002e-07,604.83871,12.993068075803743
5e-08,2.0000000000000002e-07,613.49693,12.863667818796088
6.000000000000002e-08,1e-08,596.42147,23.586296484660252
6.000000000000002e-08,1e-08,604.83871,23.903911563036743
6.000000000000002e-08,1e-08,613.49693,24.059758195335025
6.000000000000002e-08,2e-08,596.42147,21.140501949638214
6.000000000000002e-08,2e-08,604.83871,21.653098851376292
6.000000000000002e-08,2e-08,613.49693,22.0382474630794
6.000000000000002e-08,3.0000000000000004e-08,596.42147,18.056448930275558
6.000000000000002e-08,3.0000000000000004e-08,604.83871,18.77807286153827
6.000000000000002e-08,3.0000000000000004e-08,613.49693,19.383395944051394
6.000000000000002e-08,4e-08,596.42147,14.572910007233723
6.000000000000002e-08,4e-08,604.83871,15.462507976808148
6.000000000000002e-08,4e-08,613.49693,16.251825268658685
6.000000000000002e-08,5e-08,596.42147,10.990969921263137
6.000000000000002e-08,5e-08,604.83871,11.948267634712202
6.000000000000002e-08,5e-08,613.49693,12.844953482647092
6.000000000000002e-08,6.000000000000002e-08,596.42147,7.702195901746329
6.000000000000002e-08,6.000000000000002e-08,604.83871,8.581746843007771
6.000000000000002e-08,6.000000000000002e-08,613.49693,9.463474903099787
6.000000000000002e-08,7e-08,596.42147,5.152452080266549
6.000000000000002e-08,7e-08,604.83871,5.788017470725997
6.000000000000002e-08,7e-08,613.49693,6.499113201063857
6.000000000000002e-08,8e-08,596.42147,3.7481698412349758
6.000000000000002e-08,8e-08,604.83871,3.983330097320696
6.000000000000002e-08,8e-08,613.49693,4.363457331032684
6.000000000000002e-08,9.000000000000001e-08,596.42147,3.737122038415883
6.000000000000002e-08,9.000000000000001e-08,604.83871,3.4630660194251774
6.000000000000002e-08,9.000000000000001e-08,613.49693,3.3839836882163965
6.000000000000002e-08,1.0000000000000001e-07,596.42147,5.097051315348374
6.000000000000002e-08,1.0000000000000001e-07,604.83871,4.292098652098865
6.000000000000002e-08,1.0000000000000001e-07,613.49693,3.693470453765862
6.000000000000002e-08,1.1e-07,596.42147,7.4804292979514955
6.000000000000002e-08,1.1e-07,604.83871,6.232635718087117
6.000000000000002e-08,1.1e-07,613.49693,5.147354233545933
6.000000000000002e-08,1.2000000000000004e-07,596.42147,10.27556529952043
6.000000000000002e-08,1.2000000000000004e-07,604.83871,8.76818055220756
6.000000000000002e-08,1.2000000000000004e-07,613.49693,7.325429323730049
6.000000000000002e-08,1.3e-07,596.42147,12.799275207308085
6.000000000000002e-08,1.3e-07,604.83871,11.257502806037628
6.000000000000002e-08,1.3e-07,613.49693,9.654957781398181
6.000000000000002e-08,1.4e-07,596.42147,14.541609510627787
6.000000000000002e-08,1.4e-07,604.83871,13.16419419412339
6.000000000000002e-08,1.4e-07,613.49693,11.614424957307866
6.000000000000002e-08,1.5000000000000002e-07,596.42147,15.327194836604438
6.000000000000002e-08,1.5000000000000002e-07,604.83871,14.23584628091749
6.000000000000002e-08,1.5000000000000002e-07,613.49693,12.908226731783966
6.000000000000002e-08,1.6e-07,596.42147,15.307436895510651
6.000000000000002e-08,1.6e-07,604.83871,14.533789951017555
6.000000000000002e-08,1.6e-07,613.49693,13.517539331634872
6.000000000000002e-08,1.7000000000000001e-07,596.42147,14.81310649167246
6.000000000000002e-08,1.7000000000000001e-07,604.83871,14.319584508311303
6.000000000000002e-08,1.7000000000000001e-07,613.49693,13.620951389576025
6.000000000000002e-08,1.8000000000000002e-07,596.42147,14.17579432871215
6.000000000000002e-08,1.8000000000000002e-07,604.83871,13.891324543714463
6.000000000000002e-08,1.8000000000000002e-07,613.49693,13.45852335545502
6.000000000000002e-08,1.9e-07,596.42147,13.614877925020782
6.000000000000002e-08,1.9e-07,604.83871,13.466259687709808
6.000000000000002e-08,1.9e-07,613.49693,13.224038244035848
6.000000000000002e-08,2.0000000000000002e-07,596.42147,13.217285284446584
6.000000000000002e-08,2.0000000000000002e-07,604.83871,13.146741407671517
6.000000000000002e-08,2.0000000000000002e-07,613.49693,13.02402596173023
7e-08,1e-08,596.42147,19.838095717882922
7e-08,1e-08,604.83871,20.599758838818495
7e-08,1e-08,613.49693,21.173423411463077
7e-08,2e-08,596.42147,16.93094255148788
7e-08,2e-08,604.83871,17.85033842069754
7e-08,2e-08,613.49693,18.638166665462627
7e-08,3.0000000000000004e-08,596.42147,13.588198900905589
7e-08,3.0000000000000004e-08,604.83871,14.646429990595543
7e-08,3.0000000000000004e-08,613.49693,15.608541925007053
7e-08,4e-08,596.42147,10.136007063112906
7e-08,4e-08,604.83871,11.252186694640919
7e-08,4e-08,613.49693,12.313982539026476
7e-08,5e-08,596.42147,6.95737157675142
7e-08,5e-08,604.83871,7.991037193896226
7e-08,5e-08,613.49693,9.03180881490244
7e-08,6.000000000000002e-08,596.42147,4.472008768102363
7e-08,6.000000000000002e-08,604.83871,5.253640916335506
7e-08,6.000000000000002e-08,613.49693,6.116374188863013
7e-08,7e-08,596.42147,3.057057407133975
7e-08,7e-08,604.83871,3.431308308455975
7e-08,7e-08,613.49693,3.9562547211839885
7e-08,8e-08,596.42147,2.949625366173187
7e-08,8e-08,604.83871,2.8151410781618083
7e-08,8e-08,613.49693,2.88081266849057
7e-08,9.000000000000001e-08,596.42147,4.1724164831972175
7e-08,9.000000000000001e-08,604.83871,3.510542089283085
7e-08,9.000000000000001e-08,613.49693,3.062985917475622
7e-08,1.0000000000000001e-07,596.42147,6.494533705380597
7e-08,1.0000000000000001e-07,604.83871,5.382244893336342
7e-08,1.0000000000000001e-07,613.49693,4.445791012359159
7e-08,1.1e-07,596.42147,9.440946584976679
7e-08,1.1e-07,604.83871,8.04024817022465
7e-08,1.1e-07,613.49693,6.713523402237385
7e-08,1.2000000000000004e-07,596.42147,12.383710804201037
7e-08,1.2000000000000004e-07,604.83871,10.902884722585902
7e-08,1.2000000000000004e-07,613.49693,9.343026460290993
7e-08,1.3e-07,596.42147,14.722135617108535
7e-08,1.3e-07,604.83871,13.35880606703875
7e-08,1.3e-07,613.49693,11.752410736285391
7e-08,1.4e-07,596.42147,16.08355160358124
7e-08,1.4e-07,604.83871,14.973588401777477
7e-08,1.4e-07,613.49693,13.496542151599815
7e-08,1.5000000000000002e-07,596.42147,16.431819983056126
7e-08,1.5000000000000002e-07,604.83871,15.626571174854483
7e-08,1.5000000000000002e-07,613.49693,14.404907278147999
7e-08,1.6e-07,596.42147,16.020115847131393
7e-08,1.6e-07,604.83871,15.497328261359439
7e-08,1.6e-07,613.49693,14.585497528053592
7e-08,1.7000000000000001e-07,596.42147,15.229031001622248
7e-08,1.7000000000000001e-07,604.83871,14.92449608888995
7e-08,1.7000000000000001e-07,613.49693,14.309293116841465
7e-08,1.8000000000000002e-07,596.42147,14.395927002505625
7e-08,1.8000000000000002e-07,604.83871,14.236493939423319
7e-08,1.8000000000000002e-07,613.49693,13.860828672393609
7e-08,1.9e-07,596.42147,13.720702621714402
7e-08,1.9e-07,604.83871,13.645620257101188
7e-08,1.9e-07,613.49693,13.437768787312049
7e-08,2.0000000000000002e-07,596.42147,13.2635413590553
7e-08,2.0000000000000002e-07,604.83871,13.231728695766048
7e-08,2.0000000000000002e-07,613.49693,13.127410537544678
8e-08,1e-08,596.42147,15.12471100026773
8e-08,1e-08,604.83871,16.262405436755184
8e-08,1e-08,613.49693,17.232826919547225
8e-08,2e-08,596.42147,12.006516815360847
8e-08,2e-08,604.83871,13.235040347869244
8e-08,2e-08,613.49693,14.365063010461387
8e-08,3.0000000000000004e-08,596.42147,8.765796452006121
8e-08,3.0000000000000004e-08,604.83871,10.012047752081976
8e-08,3.0000000000000004e-08,613.49693,11.216746609934148
8e-08,4e-08,596.42147,5.790039870147929
8e-08,4e-08,604.83871,6.930194050808787
8e-08,4e-08,613.49693,8.09409906043939
8e-08,5e-08,596.42147,3.474762028717514
8e-08,5e-08,604.83871,4.350770798720241
8e-08,5e-08,613.49693,5.326484517199987
8e-08,6.000000000000002e-08,596.42147,2.164121772323419
8e-08,6.000000000000002e-08,604.83871,2.625775515591478
8e-08,6.000000000000002e-08,613.49693,3.258072959311285
8e-08,7e-08,596.42147,2.064833853271004
8e-08,7e-08,604.83871,2.0159711533047684
8e-08,7e-08,613.49693,2.1856975592778767
8e-08,8e-08,596.42147,3.1900079252757436
8e-08,8e-08,604.83871,2.6180045001537238
8e-08,8e-08,613.49693,2.279316583422208
8e-08,9.000000000000001e-08,596.42147,5.356951705940524
8e-08,9.000000000000001e-08,604.83871,4.338332933103111
8e-08,9.000000000000001e-08,613.49693,3.5273090088340666
8e-08,1.0000000000000001e-07,596.42147,8.214222955175877
8e-08,1.0000000000000001e-07,604.83871,6.899323505865219
8e-08,1.0000000000000001e-07,613.49693,5.71547235018317
8e-08,1.1e-07,596.42147,11.280709463840672
8e-08,1.1e-07,604.83871,9.861367103743895
8e-08,1.1e-07,613.49693,8.440178699276373
8e-08,1.2000000000000004e-07,596.42147,14.021387572286812
8e-08,1.2000000000000004e-07,604.83871,12.686661426005344
8e-08,1.2000000000000004e-07,613.49693,11.176965144362288
8e-08,1.3e-07,596.42147,15.980211110422605
8e-08,1.3e-07,604.83871,14.871901848354064
8e-08,1.3e-07,613.49693,13.417685414909398
8e-08,1.4e-07,596.42147,16.926034426289814
8e-08,1.4e-07,604.83871,16.11104290522359
8e-08,1.4e-07,613.49693,14.832149494061317
8e-08,1.5000000000000002e-07,596.42147,16.92135610671902
8e-08,1.5000000000000002e-07,604.83871,16.391999502438523
8e-08,1.5000000000000002e-07,613.49693,15.365103333922045
8e-08,1.6e-07,596.42147,16.261870349551785
8e-08,1.6e-07,604.83871,15.960374521475197
8e-08,1.6e-07,613.49693,15.20895983762964
8e-08,1.7000000000000001e-07,596.42147,15.32504856296752
8e-08,1.7000000000000001e-07,604.83871,15.176631762509814
8e-08,1.7000000000000001e-07,613.49693,14.676478923313612
8e-08,1.8000000000000002e-07,596.42147,14.421268419038615
8e-08,1.8000000000000002e-07,604.83871,14.359990542875416
8e-08,1.8000000000000002e-07,613.49693,14.057499300013161
8e-08,1.9e-07,596.42147,13.71957136152913
8e-08,1.9e-07,604.83871,13.699910048097784
8e-08,1.9e-07,613.49693,13.533743472836507
8e-08,2.0000000000000002e-07,596.42147,13.256635050195865
8e-08,2.0000000000000002e-07,604.83871,13.253061268261835
8e-08,2.0000000000000002e-07,613.49693,13.170139444716883
9.000000000000001e-08,1e-08,596.42147,9.944669349564716
9.000000000000001e-08,1e-08,604.83871,11.294528894820857
9.000000000000001e-08,1e-08,613.49693,12.591857003906968
9.000000000000001e-08,2e-08,596.42147,7.023079868226851
9.000000000000001e-08,2e-08,604.83871,8.342623731529198
9.000000000000001e-08,2e-08,613.49693,9.677045827767426
9.000000000000001e-08,3.0000000000000004e-08,596.42147,4.366946137396113
9.000000000000001e-08,3.0000000000000004e-08,604.83871,5.532594381696079
9.000000000000001e-08,3.0000000000000004e-08,613.49693,6.773145655093401
9.000000000000001e-08,4e-08,596.42147,2.343178964087109
9.000000000000001e-08,4e-08,604.83871,3.2149819209719936
9.000000000000001e-08,4e-08,613.49693,4.225662863304997
9.000000000000001e-08,5e-08,596.42147,1.2534962738943634
9.000000000000001e-08,5e-08,604.83871,1.7023585619839352
9.000000000000001e-08,5e-08,613.49693,2.3511368588247947
9.000000000000001e-08,6.000000000000002e-08,596.42147,1.2703693029988656
9.000000000000001e-08,6.000000000000002e-08,604.83871,1.2163590952836287
9.000000000000001e-08,6.000000000000002e-08,613.49693,1.4018867897956184
9.000000000000001e-08,7e-08,596.42147,2.385638896014875
9.000000000000001e-08,7e-08,604.83871,1.8267064007052696
9.000000000000001e-08,7e-08,613.49693,1.5130163937306804
9.000000000000001e-08,8e-08,596.42147,4.418761028016839
9.000000000000001e-08,8e-08,604.83871,3.434609998677182
9.000000000000001e-08,8e-08,613.49693,2.6676628873168156
9.000000000000001e-08,9.000000000000001e-08,596.42147,7.075981059295508
9.000000000000001e-08,9.000000000000001e-08,604.83871,5.808351829640479
9.000000000000001e-08,9.000000000000001e-08,613.49693,4.6990798680465815
9.000000000000001e-08,1.0000000000000001e-07,596.42147,10.005263607683283
9.000000000000001e-08,1.0000000000000001e-07,604.83871,8.626295090838568
9.000000000000001e-08,1.0000000000000001e-07,613.49693,7.311993561056855
9.000000000000001e-08,1.1e-07,596.42147,12.821044063044475
9.000000000000001e-08,1.1e-07,604.83871,11.499559962973379
9.000000000000001e-08,1.1e-07,613.49693,10.109978488791711
9.000000000000001e-08,1.2000000000000004e-07,596.42147,15.136034937765576
9.000000000000001e-08,1.2000000000000004e-07,604.83871,14.00661758408797
9.000000000000001e-08,1.2000000000000004e-07,613.49693,12.649977320286931
9.000000000000001e-08,1.3e-07,596.42147,16.64200831919865
9.000000000000001e-08,1.3e-07,604.83871,15.78203992718992
9.000000000000001e-08,1.3e-07,613.49693,14.545150876353217
9.000000000000001e-08,1.4e-07,596.42147,17.214848740853157
9.000000000000001e-08,1.4e-07,604.83871,16.6369364686442
9.000000000000001e-08,1.4e-07,613.49693,15.585191109073648
9.000000000000001e-08,1.5000000000000002e-07,596.42147,16.965319631120703
9.000000000000001e-08,1.5000000000000002e-07,604.83871,16.628887714489153
9.000000000000001e-08,1.5000000000000002e-07,613.49693,15.800410160844008
9.000000000000001e-08,1.6e-07,596.42147,16.18481772560965
9.000000000000001e-08,1.6e-07,604.83871,16.021377115347775
9.000000000000001e-08,1.6e-07,613.49693,15.421239397196175
9.000000000000001e-08,1.7000000000000001e-07,596.42147,15.215755621156159
9.000000000000001e-08,1.7000000000000001e-07,604.83871,15.155591490193565
9.000000000000001e-08,1.7000000000000001e-07,613.49693,14.758088939206285
9.000000000000001e-08,1.8000000000000002e-07,596.42147,14.326837202864697
9.000000000000001e-08,1.8000000000000002e-07,604.83871,14.316416640063647
9.000000000000001e-08,1.8000000000000002e-07,613.49693,14.076546620645283
9.000000000000001e-08,1.9e-07,596.42147,13.654920580808398
9.000000000000001e-08,1.9e-07,604.83871,13.661829366132817
9.000000000000001e-08,1.9e-07,613.49693,13.530201826488211
9.000000000000001e-08,2.0000000000000002e-07,596.42147,13.219041755650695
9.000000000000001e-08,2.0000000000000002e-07,604.83871,13.228099841650298
9.000000000000001e-08,2.0000000000000002e-07,613.49693,13.162459797884784
1.0000000000000001e-07,1e-08,596.42147,5.0826209014916905
1.0000000000000001e-07,1e-08,604.83871,6.413571589635506
1.0000000000000001e-07,1e-08,613.49693,7.934519999249944
1.0000000000000001e-07,2e-08,596.42147,2.8446939649741623
1.0000000000000001e-07,2e-08,604.83871,3.9628687590975176
1.0000000000000001e-07,2e-08,613.49693,5.3227316436686
1.0000000000000001e-07,3.0000000000000004e-08,596.42147,1.2474464962180463
1.0000000000000001e-07,3.0000000000000004e-08,604.83871,2.0125173610132663
1.0000000000000001e-07,3.0000000000000004e-08,613.49693,3.0510016734173835
1.0000000000000001e-07,4e-08,596.42147,0.5245565608638927
1.0000000000000001e-07,4e-08,604.83871,0.8326157063284825
1.0000000000000001e-07,4e-08,613.49693,1.4322919388933677
1.0000000000000001e-07,5e-08,596.42147,0.786390722726459
1.0000000000000001e-07,5e-08,604.83871,0.5924180186842136
1.0000000000000001e-07,5e-08,613.49693,0.6889666804745538
1.0000000000000001e-07,6.000000000000002e-08,596.42147,1.9922852849703503
1.0000000000000001e-07,6.000000000000002e-08,604.83871,1.3243852158127254
1.0000000000000001e-07,6.000000000000002e-08,613.49693,0.9174386198076228
1.0000000000000001e-07,7e-08,596.42147,3.9558378479555145
1.0000000000000001e-07,7e-08,604.83871,2.9111174048423933
1.0000000000000001e-07,7e-08,613.49693,2.0705241425823218
1.0000000000000001e-07,8e-08,596.42147,6.404804026127522
1.0000000000000001e-07,8e-08,604.83871,5.12520021384875
1.0000000000000001e-07,8e-08,613.49693,3.977800293610624
1.0000000000000001e-07,9.000000000000001e-08,596.42147,9.059813695996631
1.0000000000000001e-07,9.000000000000001e-08,604.83871,7.698807117922826
1.0000000000000001e-07,9.000000000000001e-08,613.49693,6.392386807624447
1.0000000000000001e-07,1.0000000000000001e-07,596.42147,11.669974897352311
1.0000000000000001e-07,1.0000000000000001e-07,604.83871,10.364745218122437
1.0000000000000001e-07,1.0000000000000001e-07,613.49693,9.027284808887607
1.0000000000000001e-07,1.1e-07,596.42147,13.99484358219296
1.0000000000000001e-07,1.1e-07,604.83871,12.850285516357236
1.0000000000000001e-07,1.1e-07,613.49693,11.568701632083636
1.0000000000000001e-07,1.2000000000000004e-07,596.42147,15.791421575304941
1.0000000000000001e-07,1.2000000000000004e-07,604.83871,14.872998969022278
1.0000000000000001e-07,1.2000000000000004e-07,613.49693,13.698660544837942
1.0000000000000001e-07,1.3e-07,596.42147,16.86157894886999
1.0000000000000001e-07,1.3e-07,604.83871,16.192788710010646
1.0000000000000001e-07,1.3e-07,613.49693,15.159445212025945
1.0000000000000001e-07,1.4e-07,596.42147,17.13980385847156
1.0000000000000001e-07,1.4e-07,604.83871,16.70473746391904
1.0000000000000001e-07,1.4e-07,613.49693,15.839463695881035
1.0000000000000001e-07,1.5000000000000002e-07,596.42147,16.743384968535366
1.0000000000000001e-07,1.5000000000000002e-07,604.83871,16.496861556314276
1.0000000000000001e-07,1.5000000000000002e-07,613.49693,15.817388342582621
1.0000000000000001e-07,1.6e-07,596.42147,15.93215138474893
1.0000000000000001e-07,1.6e-07,604.83871,15.81607752835817
1.0000000000000001e-07,1.6e-07,613.49693,15.322412621717913
1.0000000000000001e-07,1.7000000000000001e-07,596.42147,15.00076134320069
1.0000000000000001e-07,1.7000000000000001e-07,604.83871,14.96066709483319
1.0000000000000001e-07,1.7000000000000001e-07,613.49693,14.631991943196201
1.0000000000000001e-07,1.8000000000000002e-07,596.42147,14.17420203701014
1.0000000000000001e-07,1.8000000000000002e-07,604.83871,14.169713973537442
1.0000000000000001e-07,1.8000000000000002e-07,613.49693,13.970319236911003
1.0000000000000001e-07,1.9e-07,596.42147,13.560903484107214
1.0000000000000001e-07,1.9e-07,604.83871,13.568084633446315
1.0000000000000001e-07,1.9e-07,613.49693,13.458167554983048
1.0000000000000001e-07,2.0000000000000002e-07,596.42147,13.16786664425419
1.0000000000000001e-07,2.0000000000000002e-07,604.83871,13.175768584152149
1.0000000000000001e-07,2.0000000000000002e-07,613.49693,13.120762833554727
1.1e-07,1e-08,596.42147,1.4378188536347185
1.1e-07,1e-08,604.83871,2.520912625017722
1.1e-07,1e-08,613.49693,4.146032409465718
1.1e-07,2e-08,596.42147,0.2686013271343768
1.1e-07,2e-08,604.83871,0.9246055819493755
1.1e-07,2e-08,613.49693,2.1473520858930293
1.1e-07,3.0000000000000004e-08,596.42147,0.00418029232159256
1.1e-07,3.0000000000000004e-08,604.83871,0.12392627955440538
1.1e-07,3.0000000000000004e-08,613.49693,0.7823684572379541
1.1e-07,4e-08,596.42147,0.655325596574837
1.1e-07,4e-08,604.83871,0.2233964477072128
1.1e-07,4e-08,613.49693,0.2581261273284401
1.1e-07,5e-08,596.42147,2.0977853571359724
1.1e-07,5e-08,604.83871,1.1909356638965
1.1e-07,5e-08,613.49693,0.6432902764341684
1.1e-07,6.000000000000002e-08,596.42147,4.1066898676223715
1.1e-07,6.000000000000002e-08,604.83871,2.868642443382104
1.1e-07,6.000000000000002e-08,613.49693,1.8598698114504337
1.1e-07,7e-08,596.42147,6.411918089894911
1.1e-07,7e-08,604.83871,5.012972181154815
1.1e-07,7e-08,613.49693,3.712205753451933
1.1e-07,8e-08,596.42147,8.771506024591524
1.1e-07,8e-08,604.83871,7.366791349432518
1.1e-07,8e-08,613.49693,5.95043585006295
1.1e-07,9.000000000000001e-08,596.42147,11.021794624833781
1.1e-07,9.000000000000001e-08,604.83871,9.723400112522516
1.1e-07,9.000000000000001e-08,613.49693,8.333823713806517
1.1e-07,1.0000000000000001e-07,596.42147,13.062195888975577
1.1e-07,1.0000000000000001e-07,604.83871,11.933310320064319
1.1e-07,1.0000000000000001e-07,613.49693,10.653494943046816
1.1e-07,1.1e-07,596.42147,14.79215013221926
1.1e-07,1.1e-07,604.83871,13.85852067200981
1.1e-07,1.1e-07,613.49693,12.715431356175992
1.1e-07,1.2000000000000004e-07,596.42147,16.07340751671757
1.1e-07,1.2000000000000004e-07,604.83871,15.3389158603784
1.1e-07,1.2000000000000004e-07,613.49693,14.330129823926947
1.1e-07,1.3e-07,596.42147,16.76958304721861
1.1e-07,1.3e-07,604.83871,16.225383830488717
1.1e-07,1.3e-07,613.49693,15.347851640013348
1.1e-07,1.4e-07,596.42147,16.834228364230007
1.1e-07,1.4e-07,604.83871,16.460575604080528
1.1e-07,1.4e-07,613.49693,15.722624150580003
1.1e-07,1.5000000000000002e-07,596.42147,16.366692586058978
1.1e-07,1.5000000000000002e-07,604.83871,16.133362735700636
1.1e-07,1.5000000000000002e-07,613.49693,15.547660230973392
1.1e-07,1.6e-07,596.42147,15.584268758312575
1.1e-07,1.6e-07,604.83871,15.454462764697327
1.1e-07,1.6e-07,613.49693,15.024055640095106
1.1e-07,1.7000000000000001e-07,596.42147,14.7318916576492
1.1e-07,1.7000000000000001e-07,604.83871,14.669238772868535
1.1e-07,1.7000000000000001e-07,613.49693,14.379892432430783
1.1e-07,1.8000000000000002e-07,596.42147,13.993536350777461
1.1e-07,1.8000000000000002e-07,604.83871,13.968478462987424
1.1e-07,1.8000000000000002e-07,613.49693,13.791641017384638
1.1e-07,1.9e-07,596.42147,13.453500236907768
1.1e-07,1.9e-07,604.83871,13.446135901730528
1.1e-07,1.9e-07,613.49693,13.348137802432335
1.1e-07,2.0000000000000002e-07,596.42147,13.110837406861606
1.1e-07,2.0000000000000002e-07,604.83871,13.110092262222834
1.1e-07,2.0000000000000002e-07,613.49693,13.060875961521914
1.2000000000000004e-07,1e-08,596.42147,-0.315726751291205
1.2000000000000004e-07,1e-08,604.83871,0.3696900246635195
1.2000000000000004e-07,1e-08,613.49693,1.972890677018757
1.2000000000000004e-07,2e-08,596.42147,-0.30647767717518093
1.2000000000000004e-07,2e-08,604.83871,-0.23561957067264672
1.2000000000000004e-07,2e-08,613.49693,0.7461453261542879
1.2000000000000004e-07,3.0000000000000004e-08,596.42147,0.7012266530282023
1.2000000000000004e-07,3.0000000000000004e-08,604.83871,0.11617087930381587
1.2000000000000004e-07,3.0000000000000004e-08,613.49693,0.33912538814735527
1.2000000000000004e-07,4e-08,596.42147,2.4750525174833164
1.2000000000000004e-07,4e-08,604.83871,1.3313164172165237
1.2000000000000004e-07,4e-08,613.49693,0.8138566019051332
1.2000000000000004e-07,5e-08,596.42147,4.6854473178827565
1.2000000000000004e-07,5e-08,604.83871,3.1817974823382045
1.2000000000000004e-07,5e-08,613.49693,2.075282009036707
1.2000000000000004e-07,6.000000000000002e-08,596.42147,7.001742228765327
1.2000000000000004e-07,6.000000000000002e-08,604.83871,5.37160522375023
1.2000000000000004e-07,6.000000000000002e-08,613.49693,3.9033010762695888
1.2000000000000004e-07,7e-08,596.42147,9.17173891580103
1.2000000000000004e-07,7e-08,604.83871,7.6153816672424846
1.2000000000000004e-07,7e-08,613.49693,6.021656244045451
1.2000000000000004e-07,8e-08,596.42147,11.06972562810741
1.2000000000000004e-07,8e-08,604.83871,9.710891925991058
1.2000000000000004e-07,8e-08,613.49693,8.180247472380001
1.2000000000000004e-07,9.000000000000001e-08,596.42147,12.68871758381795
1.2000000000000004e-07,9.000000000000001e-08,604.83871,11.567574079864565
1.2000000000000004e-07,9.000000000000001e-08,613.49693,10.20751062173015
1.2000000000000004e-07,1.0000000000000001e-07,596.42147,14.070039124367739
1.2000000000000004e-07,1.0000000000000001e-07,604.83871,13.167163908993913
1.2000000000000004e-07,1.0000000000000001e-07,613.49693,12.003282873046444
1.2000000000000004e-07,1.1e-07,596.42147,15.213336599978703
1.2000000000000004e-07,1.1e-07,604.83871,14.486491082756743
1.2000000000000004e-07,1.1e-07,613.49693,13.491174231850756
1.2000000000000004e-07,1.2000000000000004e-07,596.42147,16.039010892063903
1.2000000000000004e-07,1.2000000000000004e-07,604.83871,15.45223525801444
1.2000000000000004e-07,1.2000000000000004e-07,613.49693,14.585833597309705
1.2000000000000004e-07,1.3e-07,596.42147,16.436881147286936
1.2000000000000004e-07,1.3e-07,604.83871,15.970821973774232
1.2000000000000004e-07,1.3e-07,613.49693,15.212232973311687
1.2000000000000004e-07,1.4e-07,596.42147,16.359185013383446
1.2000000000000004e-07,1.4e-07,604.83871,16.00530039192531
1.2000000000000004e-07,1.4e-07,613.49693,15.358317248457816
1.2000000000000004e-07,1.5000000000000002e-07,596.42147,15.878734838343275
1.2000000000000004e-07,1.5000000000000002e-07,604.83871,15.628327547496655
1.2000000000000004e-07,1.5000000000000002e-07,613.49693,15.10787943398356
1.2000000000000004e-07,1.6e-07,596.42147,15.168371196721246
1.2000000000000004e-07,1.6e-07,604.83871,15.006128439405705
1.2000000000000004e-07,1.6e-07,613.49693,14.619886469968083
1.2000000000000004e-07,1.7000000000000001e-07,596.42147,14.424556366747941
1.2000000000000004e-07,1.7000000000000001e-07,604.83871,14.329325311387487
1.2000000000000004e-07,1.7000000000000001e-07,613.49693,14.06804493414691
1.2000000000000004e-07,1.8000000000000002e-07,596.42147,13.792896930303636
1.2000000000000004e-07,1.8000000000000002e-07,604.83871,13.742579972898518
1.2000000000000004e-07,1.8000000000000002e-07,613.49693,13.582338085486382
1.2000000000000004e-07,1.9e-07,596.42147,13.336641094883529
1.2000000000000004e-07,1.9e-07,604.83871,13.312813049154732
1.2000000000000004e-07,1.9e-07,613.49693,13.223867393462976
1.2000000000000004e-07,2.0000000000000002e-07,596.42147,13.049751194395574
1.2000000000000004e-07,2.0000000000000002e-07,604.83871,13.039677784987383
1.2000000000000004e-07,2.0000000000000002e-07,613.49693,12.994987743049732
1.3e-07,1e-08,596.42147,-0.03282877699761322
1.3e-07,1e-08,604.83871,0.228272317841812
1.3e-07,1e-08,613.49693,1.6873126292556577
1.3e-07,2e-08,596.42147,0.9427979960750772
1.3e-07,2e-08,604.83871,0.48621500179046784
1.3e-07,2e-08,613.49693,1.192784619022639
1.3e-07,3.0000000000000004e-08,596.42147,2.8443408206740237
1.3e-07,3.0000000000000004e-08,604.83871,1.7046293416243792
1.3e-07,3.0000000000000004e-08,613.49693,1.5607182867114986
1.3e-07,4e-08,596.42147,5.254485486874302
1.3e-07,4e-08,604.83871,3.6250794773437516
1.3e-07,4e-08,613.49693,2.718691218558792
1.3e-07,5e-08,596.42147,7.723061349665424
1.3e-07,5e-08,604.83871,5.886682091983876
1.3e-07,5e-08,613.49693,4.448392390117686
1.3e-07,6.000000000000002e-08,596.42147,9.902307639045116
1.3e-07,6.000000000000002e-08,604.83871,8.134396742763148
1.3e-07,6.000000000000002e-08,613.49693,6.452879151602672
1.3e-07,7e-08,596.42147,11.622882554344597
1.3e-07,7e-08,604.83871,10.11215003486259
1.3e-07,7e-08,613.49693,8.446717938153192
1.3e-07,8e-08,596.42147,12.89703229633263
1.3e-07,8e-08,604.83871,11.713108725212273
1.3e-07,8e-08,613.49693,10.233892841389189
1.3e-07,9.000000000000001e-08,596.42147,13.85280944562955
1.3e-07,9.000000000000001e-08,604.83871,12.964446525233598
1.3e-07,9.000000000000001e-08,613.49693,11.734468796426496
1.3e-07,1.0000000000000001e-07,596.42147,14.626695112993009
1.3e-07,1.0000000000000001e-07,604.83871,13.950977074221731
1.3e-07,1.0000000000000001e-07,613.49693,12.947878123477475
1.3e-07,1.1e-07,596.42147,15.270701707330947
1.3e-07,1.1e-07,604.83871,14.724645765124267
1.3e-07,1.1e-07,613.49693,13.886175107499614
1.3e-07,1.2000000000000004e-07,596.42147,15.730970809744031
1.3e-07,1.2000000000000004e-07,604.83871,15.263099195040489
1.3e-07,1.2000000000000004e-07,613.49693,14.532828345460313
1.3e-07,1.3e-07,596.42147,15.90833009257447
1.3e-07,1.3e-07,604.83871,15.503226542474005
1.3e-07,1.3e-07,613.49693,14.85612385166625
1.3e-07,1.4e-07,596.42147,15.750236903724069
1.3e-07,1.4e-07,604.83871,15.41407693831737
1.3e-07,1.4e-07,613.49693,14.855465217808188
1.3e-07,1.5000000000000002e-07,596.42147,15.304100875580819
1.3e-07,1.5000000000000002e-07,604.83871,15.045778540464008
1.3e-07,1.5000000000000002e-07,613.49693,14.59297545324834
1.3e-07,1.6e-07,596.42147,14.700166614721718
1.3e-07,1.6e-07,604.83871,14.51940402834347
1.3e-07,1.6e-07,613.49693,14.18228122384981
1.3e-07,1.7000000000000001e-07,596.42147,14.08825496049771
1.3e-07,1.7000000000000001e-07,604.83871,13.973840190782374
1.3e-07,1.7000000000000001e-07,613.49693,13.745739660687692
1.3e-07,1.8000000000000002e-07,596.42147,13.577739877290053
1.3e-07,1.8000000000000002e-07,604.83871,13.512353573056803
1.3e-07,1.8000000000000002e-07,613.49693,13.372668634817636
1.3e-07,1.9e-07,596.42147,13.213276482555909
1.3e-07,1.9e-07,604.83871,13.179529492617371
1.3e-07,1.9e-07,613.49693,13.10217191715767
1.3e-07,2.0000000000000002e-07,596.42147,12.98609218176094
1.3e-07,2.0000000000000002e-07,604.83871,12.970345561511245
1.3e-07,2.0000000000000002e-07,613.49693,12.931577356293534
1.4e-07,1e-08,596.42147,1.8477441759285131
1.4e-07,1e-08,604.83871,1.7706713186147613
1.4e-07,1e-08,613.49693,2.9873124321056537
1.4e-07,2e-08,596.42147,3.3643127470225807
1.4e-07,2e-08,604.83871,2.5762055969624615
1.4e-07,2e-08,613.49693,3.0295585609769606
1.4e-07,3.0000000000000004e-08,596.42147,5.624107717137557
1.4e-07,3.0000000000000004e-08,604.83871,4.215560846991089
1.4e-07,3.0000000000000004e-08,613.49693,3.847912697897433
1.4e-07,4e-08,596.42147,8.13000256809133
1.4e-07,4e-08,604.83871,6.344139295960701
1.4e-07,4e-08,613.49693,5.28401875664855
1.4e-07,5e-08,596.42147,10.412246325407782
1.4e-07,5e-08,604.83871,8.557436734960694
1.4e-07,5e-08,613.49693,7.064268118080481
1.4e-07,6.000000000000002e-08,596.42147,12.171918813498442
1.4e-07,6.000000000000002e-08,604.83871,10.515485066966122
1.4e-07,6.000000000000002e-08,613.49693,8.884783599895712
1.4e-07,7e-08,596.42147,13.336390601002584
1.4e-07,7e-08,604.83871,12.029112698142729
1.4e-07,7e-08,613.49693,10.50214697763499
1.4e-07,8e-08,596.42147,14.022070220922085
1.4e-07,8e-08,604.83871,13.081525206917815
1.4e-07,8e-08,613.49693,11.793126510558746
1.4e-07,9.000000000000001e-08,596.42147,14.432888531402448
1.4e-07,9.000000000000001e-08,604.83871,13.780378728590561
1.4e-07,9.000000000000001e-08,613.49693,12.755705696914118
1.4e-07,1.0000000000000001e-07,596.42147,14.743039571383655
1.4e-07,1.0000000000000001e-07,604.83871,14.265220680344141
1.4e-07,1.0000000000000001e-07,613.49693,13.454806104753631
1.4e-07,1.1e-07,596.42147,15.019074461738882
1.4e-07,1.1e-07,604.83871,14.621735389183936
1.4e-07,1.1e-07,613.49693,13.951805486409816
1.4e-07,1.2000000000000004e-07,596.42147,15.217633300574223
1.4e-07,1.2000000000000004e-07,604.83871,14.851895305537886
1.4e-07,1.2000000000000004e-07,613.49693,14.265880544235813
1.4e-07,1.3e-07,596.42147,15.250304956430828
1.4e-07,1.3e-07,604.83871,14.909832954075398
1.4e-07,1.3e-07,613.49693,14.3861262731681
1.4e-07,1.4e-07,596.42147,15.065032066070186
1.4e-07,1.4e-07,604.83871,14.76626095122028
1.4e-07,1.4e-07,613.49693,14.311840215204786
1.4e-07,1.5000000000000002e-07,596.42147,14.6890295822056
1.4e-07,1.5000000000000002e-07,604.83871,14.44986116241071
1.4e-07,1.5000000000000002e-07,613.49693,14.081312328613508
1.4e-07,1.6e-07,596.42147,14.213901707222725
1.4e-07,1.6e-07,604.83871,14.041167363818353
1.4e-07,1.6e-07,613.49693,13.767489815289784
1.4e-07,1.7000000000000001e-07,596.42147,13.746217938452599
1.4e-07,1.7000000000000001e-07,604.83871,13.63389034112495
1.4e-07,1.7000000000000001e-07,613.49693,13.449490506394067
1.4e-07,1.8000000000000002e-07,596.42147,13.362395108191734
1.4e-07,1.8000000000000002e-07,604.83871,13.29654961852961
1.4e-07,1.8000000000000002e-07,613.49693,13.184154191284783
1.4e-07,1.9e-07,596.42147,13.091413031503793
1.4e-07,1.9e-07,604.83871,13.056548658382855
1.4e-07,1.9e-07,613.49693,12.994589483091731
1.4e-07,2.0000000000000002e-07,596.42147,12.92390680091983
1.4e-07,2.0000000000000002e-07,604.83871,12.907196980224938
1.4e-07,2.0000000000000002e-07,613.49693,12.876276594745084
1.5000000000000002e-07,1e-08,596.42147,4.5345227351661865
1.5000000000000002e-07,1e-08,604.83871,4.264390467854675
1.5000000000000002e-07,1e-08,613.49693,5.186997096590815
1.5000000000000002e-07,2e-08,596.42147,6.140273430646487
1.5000000000000002e-07,2e-08,604.83871,5.259099821999538
1.5000000000000002e-07,2e-08,613.49693,5.513889112936185
1.5000000000000002e-07,3.0000000000000004e-08,596.42147,8.27006871427334
1.5000000000000002e-07,3.0000000000000004e-08,604.83871,6.891184546543987
1.5000000000000002e-07,3.0000000000000004e-08,613.49693,6.451876487449899
1.5000000000000002e-07,4e-08,596.42147,10.451419801884802
1.5000000000000002e-07,4e-08,604.83871,8.814790335249626
1.5000000000000002e-07,4e-08,613.49693,7.816102370650355
1.5000000000000002e-07,5e-08,596.42147,12.275041067848846
1.5000000000000002e-07,5e-08,604.83871,10.660680797689256
1.5000000000000002e-07,5e-08,613.49693,9.342749909755383
1.5000000000000002e-07,6.000000000000002e-08,596.42147,13.520800451460547
1.5000000000000002e-07,6.000000000000002e-08,604.83871,12.15176305134818
1.5000000000000002e-07,6.000000000000002e-08,613.49693,10.772241968148114
1.5000000000000002e-07,7e-08,596.42147,14.189234245621913
1.5000000000000002e-07,7e-08,604.83871,13.170335387639064
1.5000000000000002e-07,7e-08,613.49693,11.925647685431047
1.5000000000000002e-07,8e-08,596.42147,14.442818729654576
1.5000000000000002e-07,8e-08,604.83871,13.757221829710126
1.5000000000000002e-07,8e-08,613.49693,12.743111357171683
1.5000000000000002e-07,9.000000000000001e-08,596.42147,14.497738235352225
1.5000000000000002e-07,9.000000000000001e-08,604.83871,14.050764727060832
1.5000000000000002e-07,9.000000000000001e-08,613.49693,13.268526020110944
1.5000000000000002e-07,1.0000000000000001e-07,596.42147,14.519565454607964
1.5000000000000002e-07,1.0000000000000001e-07,604.83871,14.198821010779078
1.5000000000000002e-07,1.0000000000000001e-07,613.49693,13.592746815173669
1.5000000000000002e-07,1.1e-07,596.42147,14.567620838664538
1.5000000000000002e-07,1.1e-07,604.83871,14.289308243549073
1.5000000000000002e-07,1.1e-07,613.49693,13.791799105549519
1.5000000000000002e-07,1.2000000000000004e-07,596.42147,14.605788315486283
1.5000000000000002e-07,1.2000000000000004e-07,604.83871,14.332540681948377
1.5000000000000002e-07,1.2000000000000004e-07,613.49693,13.896537819034382
1.5000000000000002e-07,1.3e-07,596.42147,14.56143605987688
1.5000000000000002e-07,1.3e-07,604.83871,14.29454661255854
1.5000000000000002e-07,1.3e-07,613.49693,13.904001791642099
1.5000000000000002e-07,1.4e-07,596.42147,14.389446973307123
1.5000000000000002e-07,1.4e-07,604.83871,14.148603066667784
1.5000000000000002e-07,1.4e-07,613.49693,13.810145008438896
1.5000000000000002e-07,1.5000000000000002e-07,596.42147,14.102884494298557
1.5000000000000002e-07,1.5000000000000002e-07,604.83871,13.907058145291153
1.5000000000000002e-07,1.5000000000000002e-07,613.49693,13.633760747024427
1.5000000000000002e-07,1.6e-07,596.42147,13.760811278393318
1.5000000000000002e-07,1.6e-07,604.83871,13.61802184732926
1.5000000000000002e-07,1.6e-07,613.49693,13.416289929467046
1.5000000000000002e-07,1.7000000000000001e-07,596.42147,13.432764607235834
1.5000000000000002e-07,1.7000000000000001e-07,604.83871,13.339241157856389
1.5000000000000002e-07,1.7000000000000001e-07,613.49693,13.204183886309867
1.5000000000000002e-07,1.8000000000000002e-07,596.42147,13.167636789570276
1.5000000000000002e-07,1.8000000000000002e-07,604.83871,13.112446572000382
1.5000000000000002e-07,1.8000000000000002e-07,613.49693,13.0306279854865
1.5000000000000002e-07,1.9e-07,596.42147,12.982407560487552
1.5000000000000002e-07,1.9e-07,604.83871,12.952976802193284
1.5000000000000002e-07,1.9e-07,613.49693,12.908121400361786
1.5000000000000002e-07,2.0000000000000002e-07,596.42147,12.868806995141853
1.5000000000000002e-07,2.0000000000000002e-07,604.83871,12.854589245116046
1.5000000000000002e-07,2.0000000000000002e-07,613.49693,12.832311870475172
1.6e-07,1e-08,596.42147,7.2397030925514
1.6e-07,1e-08,604.83871,6.9169355648666135
1.6e-07,1e-08,613.49693,7.549582730435109
1.6e-07,2e-08,596.42147,8.610648210078363
1.6e-07,2e-08,604.83871,7.826318848498536
1.6e-07,2e-08,613.49693,7.9468700190425885
1.6e-07,3.0000000000000004e-08,596.42147,10.308775588899294
1.6e-07,3.0000000000000004e-08,604.83871,9.169019039588495
1.6e-07,3.0000000000000004e-08,613.49693,8.770467774643727
1.6e-07,4e-08,596.42147,11.954283607493563
1.6e-07,4e-08,604.83871,10.657700926201768
1.6e-07,4e-08,613.49693,9.855162272810187
1.6e-07,5e-08,596.42147,13.238672584312983
1.6e-07,5e-08,604.83871,12.004307222409356
1.6e-07,5e-08,613.49693,10.988349036366731
1.6e-07,6.000000000000002e-08,596.42147,14.019903508746163
1.6e-07,6.000000000000002e-08,604.83871,13.011188192681217
1.6e-07,6.000000000000002e-08,613.49693,11.977975747371449
1.6e-07,7e-08,596.42147,14.335463528101522
1.6e-07,7e-08,604.83871,13.616677940570064
1.6e-07,7e-08,613.49693,12.708309928474382
1.6e-07,8e-08,596.42147,14.342377626164424
1.6e-07,8e-08,604.83871,13.882809035539223
1.6e-07,8e-08,613.49693,13.16090870518557
1.6e-07,9.000000000000001e-08,596.42147,14.224458957919301
1.6e-07,9.000000000000001e-08,604.83871,13.938434700978075
1.6e-07,9.000000000000001e-08,613.49693,13.393848606899429
1.6e-07,1.0000000000000001e-07,596.42147,14.112935003165703
1.6e-07,1.0000000000000001e-07,604.83871,13.908892087707665
1.6e-07,1.0000000000000001e-07,613.49693,13.49360168735746
1.6e-07,1.1e-07,596.42147,14.051740477227916
1.6e-07,1.1e-07,604.83871,13.866579198740517
1.6e-07,1.1e-07,613.49693,13.528241179588212
1.6e-07,1.2000000000000004e-07,596.42147,14.013011888342394
1.6e-07,1.2000000000000004e-07,604.83871,13.8222955941976
1.6e-07,1.2000000000000004e-07,613.49693,13.526608691566505
1.6e-07,1.3e-07,596.42147,13.943135899711377
1.6e-07,1.3e-07,604.83871,13.751892339854178
1.6e-07,1.3e-07,613.49693,13.48789011738752
1.6e-07,1.4e-07,596.42147,13.807643789596282
1.6e-07,1.4e-07,604.83871,13.633321115054356
1.6e-07,1.4e-07,613.49693,13.405787482201237
1.6e-07,1.5000000000000002e-07,596.42147,13.610914602528789
1.6e-07,1.5000000000000002e-07,604.83871,13.468880134983614
1.6e-07,1.5000000000000002e-07,613.49693,13.286446087377364
1.6e-07,1.6e-07,596.42147,13.387281755351669
1.6e-07,1.6e-07,604.83871,13.283818816416682
1.6e-07,1.6e-07,613.49693,13.150162268901399
1.6e-07,1.7000000000000001e-07,596.42147,13.177858435963493
1.6e-07,1.7000000000000001e-07,604.83871,13.11020628882247
1.6e-07,1.7000000000000001e-07,613.49693,13.021363451803296
1.6e-07,1.8000000000000002e-07,596.42147,13.010991011300153
1.6e-07,1.8000000000000002e-07,604.83871,12.971117864642318
1.6e-07,1.8000000000000002e-07,613.49693,12.917642999649033
1.6e-07,1.9e-07,596.42147,12.895538071801528
1.6e-07,1.9e-07,604.83871,12.874283163621996
1.6e-07,1.9e-07,613.49693,12.84513140246524
1.6e-07,2.0000000000000002e-07,596.42147,12.825241837275481
1.6e-07,2.0000000000000002e-07,604.83871,12.81496716987905
1.6e-07,2.0000000000000002e-07,613.49693,12.800558521102666
1.7000000000000001e-07,1e-08,596.42147,9.445597395383261
1.7000000000000001e-07,1e-08,604.83871,9.164037131473828
1.7000000000000001e-07,1e-08,613.49693,9.55498937026025
1.7000000000000001e-07,2e-08,596.42147,10.441616156566273
1.7000000000000001e-07,2e-08,604.83871,9.850895985664295
1.7000000000000001e-07,2e-08,613.49693,9.89421765786304
1.7000000000000001e-07,3.0000000000000004e-08,596.42147,11.619299955527325
1.7000000000000001e-07,3.0000000000000004e-08,604.83871,10.80141374855358
1.7000000000000001e-07,3.0000000000000004e-08,613.49693,10.498986077285153
1.7000000000000001e-07,4e-08,596.42147,12.713458965563902
1.7000000000000001e-07,4e-08,604.83871,11.810384103832972
1.7000000000000001e-07,4e-08,613.49693,11.246189467882761
1.7000000000000001e-07,5e-08,596.42147,13.519285566281809
1.7000000000000001e-07,5e-08,604.83871,12.68130469472539
1.7000000000000001e-07,5e-08,613.49693,11.987688188980405
1.7000000000000001e-07,6.000000000000002e-08,596.42147,13.955473424590718
1.7000000000000001e-07,6.000000000000002e-08,604.83871,13.288988321607796
1.7000000000000001e-07,6.000000000000002e-08,613.49693,12.598140976485391
1.7000000000000001e-07,7e-08,596.42147,14.066819421484954
1.7000000000000001e-07,7e-08,604.83871,13.606892553422279
1.7000000000000001e-07,7e-08,613.49693,13.010932621282823
1.7000000000000001e-07,8e-08,596.42147,13.975859202787044
1.7000000000000001e-07,8e-08,604.83871,13.692698714846067
1.7000000000000001e-07,8e-08,613.49693,13.22781210283147
1.7000000000000001e-07,9.000000000000001e-08,596.42147,13.815488557738062
1.7000000000000001e-07,9.000000000000001e-08,604.83871,13.64486759802031
1.7000000000000001e-07,9.000000000000001e-08,613.49693,13.300288673538557
1.7000000000000001e-07,1.0000000000000001e-07,596.42147,13.676058113194697
1.7000000000000001e-07,1.0000000000000001e-07,604.83871,13.553890032835788
1.7000000000000001e-07,1.0000000000000001e-07,613.49693,13.294917034533148
1.7000000000000001e-07,1.1e-07,596.42147,13.586161846083737
1.7000000000000001e-07,1.1e-07,604.83871,13.47091258306919
1.7000000000000001e-07,1.1e-07,613.49693,13.262067810277436
1.7000000000000001e-07,1.2000000000000004e-07,596.42147,13.526684062693995
1.7000000000000001e-07,1.2000000000000004e-07,604.83871,13.404288055849078
1.7000000000000001e-07,1.2000000000000004e-07,613.49693,13.22313542613717
1.7000000000000001e-07,1.3e-07,596.42147,13.46222363871439
1.7000000000000001e-07,1.3e-07,604.83871,13.338120346021556
1.7000000000000001e-07,1.3e-07,613.49693,13.17756672138989
1.7000000000000001e-07,1.4e-07,596.42147,13.369310019768571
1.7000000000000001e-07,1.4e-07,604.83871,13.256204871638841
1.7000000000000001e-07,1.4e-07,613.49693,13.11893775410327
1.7000000000000001e-07,1.5000000000000002e-07,596.42147,13.247915340606948
1.7000000000000001e-07,1.5000000000000002e-07,604.83871,13.156197634794376
1.7000000000000001e-07,1.5000000000000002e-07,613.49693,13.047044421238772
1.7000000000000001e-07,1.6e-07,596.42147,13.115762304633659
1.7000000000000001e-07,1.6e-07,604.83871,13.049355266309039
1.7000000000000001e-07,1.6e-07,613.49693,12.970015507198715
1.7000000000000001e-07,1.7000000000000001e-07,596.42147,12.994682078441189
1.7000000000000001e-07,1.7000000000000001e-07,604.83871,12.951512712837866
1.7000000000000001e-07,1.7000000000000001e-07,613.49693,12.8991509940571
1.7000000000000001e-07,1.8000000000000002e-07,596.42147,12.899462193536413
1.7000000000000001e-07,1.8000000000000002e-07,604.83871,12.874144990185629
1.7000000000000001e-07,1.8000000000000002e-07,613.49693,12.842825273164202
1.7000000000000001e-07,1.9e-07,596.42147,12.834163346440144
1.7000000000000001e-07,1.9e-07,604.83871,12.820719859239668
1.7000000000000001e-07,1.9e-07,613.49693,12.803737417680088
1.7000000000000001e-07,2.0000000000000002e-07,596.42147,12.79466323128067
1.7000000000000001e-07,2.0000000000000002e-07,604.83871,12.788182493066811
1.7000000000000001e-07,2.0000000000000002e-07,613.49693,12.779826665269727
1.8000000000000002e-07,1e-08,596.42147,10.973400847259832
1.8000000000000002e-07,1e-08,604.83871,10.771492364422741
1.8000000000000002e-07,1e-08,613.49693,10.988881063832418
1.8000000000000002e-07,2e-08,596.42147,11.60448166248598
1.8000000000000002e-07,2e-08,604.83871,11.217804354311614
1.8000000000000002e-07,2e-08,613.49693,11.224858219594433
1.8000000000000002e-07,3.0000000000000004e-08,596.42147,12.325443265205939
1.8000000000000002e-07,3.0000000000000004e-08,604.83871,11.808316063521868
1.8000000000000002e-07,3.0000000000000004e-08,613.49693,11.609284865651956
1.8000000000000002e-07,4e-08,596.42147,12.973056616459786
1.8000000000000002e-07,4e-08,604.83871,12.41459742627706
1.8000000000000002e-07,4e-08,613.49693,12.062981389946993
1.8000000000000002e-07,5e-08,596.42147,13.426311759033755
1.8000000000000002e-07,5e-08,604.83871,12.917929589929223
1.8000000000000002e-07,5e-08,613.49693,12.495123002252733
1.8000000000000002e-07,6.000000000000002e-08,596.42147,13.643609291698265
1.8000000000000002e-07,6.000000000000002e-08,604.83871,13.247304609146038
1.8000000000000002e-07,6.000000000000002e-08,613.49693,12.832796187162897
1.8000000000000002e-07,7e-08,596.42147,13.661212577681566
1.8000000000000002e-07,7e-08,604.83871,13.394081160183656
1.8000000000000002e-07,7e-08,613.49693,13.041648227573607
1.8000000000000002e-07,8e-08,596.42147,13.560476204735448
1.8000000000000002e-07,8e-08,604.83871,13.400404740738203
1.8000000000000002e-07,8e-08,613.49693,13.129499698454428
1.8000000000000002e-07,9.000000000000001e-08,596.42147,13.425274209618554
1.8000000000000002e-07,9.000000000000001e-08,604.83871,13.33081999989452
1.8000000000000002e-07,9.000000000000001e-08,613.49693,13.133052937903347
1.8000000000000002e-07,1.0000000000000001e-07,596.42147,13.310686708610236
1.8000000000000002e-07,1.0000000000000001e-07,604.83871,13.24247568499665
1.8000000000000002e-07,1.0000000000000001e-07,613.49693,13.096051977371996
1.8000000000000002e-07,1.1e-07,596.42147,13.233455936674925
1.8000000000000002e-07,1.1e-07,604.83871,13.16719742347409
1.8000000000000002e-07,1.1e-07,613.49693,13.050705914211669
1.8000000000000002e-07,1.2000000000000004e-07,596.42147,13.182004599557969
1.8000000000000002e-07,1.2000000000000004e-07,604.83871,13.110452791370225
1.8000000000000002e-07,1.2000000000000004e-07,613.49693,13.010581270477836
1.8000000000000002e-07,1.3e-07,596.42147,13.135376194514997
1.8000000000000002e-07,1.3e-07,604.83871,13.062703851205647
1.8000000000000002e-07,1.3e-07,613.49693,12.975099400209238
1.8000000000000002e-07,1.4e-07,596.42147,13.079212166337484
1.8000000000000002e-07,1.4e-07,604.83871,13.013344844814858
1.8000000000000002e-07,1.4e-07,613.49693,12.939151932265565
1.8000000000000002e-07,1.5000000000000002e-07,596.42147,13.011920681038141
1.8000000000000002e-07,1.5000000000000002e-07,604.83871,12.958935354718323
1.8000000000000002e-07,1.5000000000000002e-07,613.49693,12.900446251427343
1.8000000000000002e-07,1.6e-07,596.42147,12.941491180974616
1.8000000000000002e-07,1.6e-07,604.83871,12.903447941956182
1.8000000000000002e-07,1.6e-07,613.49693,12.861262470703949
1.8000000000000002e-07,1.7000000000000001e-07,596.42147,12.878259827926147
1.8000000000000002e-07,1.7000000000000001e-07,604.83871,12.853720646778891
1.8000000000000002e-07,1.7000000000000001e-07,613.49693,12.82606794726087
1.8000000000000002e-07,1.8000000000000002e-07,596.42147,12.829130131911182
1.8000000000000002e-07,1.8000000000000002e-07,604.83871,12.81483602427897
1.8000000000000002e-07,1.8000000000000002e-07,613.49693,12.798391982934067
1.8000000000000002e-07,1.9e-07,596.42147,12.795708001548395
1.8000000000000002e-07,1.9e-07,604.83871,12.788160484958663
1.8000000000000002e-07,1.9e-07,613.49693,12.779287959151631
1.8000000000000002e-07,2.0000000000000002e-07,596.42147,12.77560721873423
1.8000000000000002e-07,2.0000000000000002e-07,604.83871,12.771985142236886
1.8000000000000002e-07,2.0000000000000002e-07,613.49693,12.76763761060649
1.9e-07,1e-08,596.42147,11.892625983930783
1.9e-07,1e-08,604.83871,11.76844121595872
1.9e-07,1e-08,613.49693,11.877177781720908
1.9e-07,2e-08,596.42147,12.246078963220587
1.9e-07,2e-08,604.83871,12.022911120090201
1.9e-07,2e-08,613.49693,12.017661154667582
1.9e-07,3.0000000000000004e-08,596.42147,12.639161075920072
1.9e-07,3.0000000000000004e-08,604.83871,12.348487756365795
1.9e-07,3.0000000000000004e-08,613.49693,12.232907119294167
1.9e-07,4e-08,596.42147,12.982491002857548
1.9e-07,4e-08,604.83871,12.673927859586854
1.9e-07,4e-08,613.49693,12.478160267529745
1.9e-07,5e-08,596.42147,13.21201457526089
1.9e-07,5e-08,604.83871,12.935201585105972
1.9e-07,5e-08,613.49693,12.703913935741586
1.9e-07,6.000000000000002e-08,596.42147,13.308617902447374
1.9e-07,6.000000000000002e-08,604.83871,13.09604587591144
1.9e-07,6.000000000000002e-08,613.49693,12.872115788613963
1.9e-07,7e-08,596.42147,13.295900799147791
1.9e-07,7e-08,604.83871,13.15504216985617
1.9e-07,7e-08,613.49693,12.966827608858011
1.9e-07,8e-08,596.42147,13.220963617076913
1.9e-07,8e-08,604.83871,13.13813203744331
1.9e-07,8e-08,613.49693,12.995218973023956
1.9e-07,9.000000000000001e-08,596.42147,13.13067057646532
1.9e-07,9.000000000000001e-08,604.83871,13.082400150944837
1.9e-07,9.000000000000001e-08,613.49693,12.979528431489046
1.9e-07,1.0000000000000001e-07,596.42147,13.055054429619997
1.9e-07,1.0000000000000001e-07,604.83871,13.019853760387326
1.9e-07,1.0000000000000001e-07,613.49693,12.944913704028515
1.9e-07,1.1e-07,596.42147,13.00302390390822
1.9e-07,1.1e-07,604.83871,12.968153188931893
1.9e-07,1.1e-07,613.49693,12.909534758300628
1.9e-07,1.2000000000000004e-07,596.42147,12.96836900064219
1.9e-07,1.2000000000000004e-07,604.83871,12.93044997251539
1.9e-07,1.2000000000000004e-07,613.49693,12.880957927635391
1.9e-07,1.3e-07,596.42147,12.939928154378132
1.9e-07,1.3e-07,604.83871,12.90155585481996
1.9e-07,1.3e-07,613.49693,12.858686504444234
1.9e-07,1.4e-07,596.42147,12.909771439026521
1.9e-07,1.4e-07,604.83871,12.875272155824861
1.9e-07,1.4e-07,613.49693,12.839338314040834
1.9e-07,1.5000000000000002e-07,596.42147,12.876248533099988
1.9e-07,1.5000000000000002e-07,604.83871,12.848755144793488
1.9e-07,1.5000000000000002e-07,613.49693,12.820671186843548
1.9e-07,1.6e-07,596.42147,12.842427776768723
1.9e-07,1.6e-07,604.83871,12.822870096772512
1.9e-07,1.6e-07,613.49693,12.802763076990711
1.9e-07,1.7000000000000001e-07,596.42147,12.812639136284837
1.9e-07,1.7000000000000001e-07,604.83871,12.800131643104043
1.9e-07,1.7000000000000001e-07,613.49693,12.787033808895057
1.9e-07,1.8000000000000002e-07,596.42147,12.789750837140662
1.9e-07,1.8000000000000002e-07,604.83871,12.782520443273718
1.9e-07,1.8000000000000002e-07,613.49693,12.774772802164048
1.9e-07,1.9e-07,596.42147,12.774292377802919
1.9e-07,1.9e-07,604.83871,12.770499476013454
1.9e-07,1.9e-07,613.49693,12.766337669413069
1.9e-07,2.0000000000000002e-07,596.42147,12.765042265227892
1.9e-07,2.0000000000000002e-07,604.83871,12.763231951104977
1.9e-07,2.0000000000000002e-07,613.49693,12.76120015950173
2.0000000000000002e-07,1e-08,596.42147,12.379215305818397
2.0000000000000002e-07,1e-08,604.83871,12.312359932241618
2.0000000000000002e-07,1e-08,613.49693,12.36130737207566
2.0000000000000002e-07,2e-08,596.42147,12.555665912294563
2.0000000000000002e-07,2e-08,604.83871,12.441112376340634
2.0000000000000002e-07,2e-08,613.49693,12.434529191784431
2.0000000000000002e-07,3.0000000000000004e-08,596.42147,12.747659596740077
2.0000000000000002e-07,3.0000000000000004e-08,604.83871,12.601552768855836
2.0000000000000002e-07,3.0000000000000004e-08,613.49693,12.541764683566235
2.0000000000000002e-07,4e-08,596.42147,12.911387792592246
2.0000000000000002e-07,4e-08,604.83871,12.758395097781348
2.0000000000000002e-07,4e-08,613.49693,12.66054502700531
2.0000000000000002e-07,5e-08,596.42147,13.016338896742992
2.0000000000000002e-07,5e-08,604.83871,12.880646559435377
2.0000000000000002e-07,5e-08,613.49693,12.76671854669592
2.0000000000000002e-07,6.000000000000002e-08,596.42147,13.054602006803426
2.0000000000000002e-07,6.000000000000002e-08,604.83871,12.951573721632254
2.0000000000000002e-07,6.000000000000002e-08,613.49693,12.842391767405973
2.0000000000000002e-07,7e-08,596.42147,13.039227805143959
2.0000000000000002e-07,7e-08,604.83871,12.971795382050312
2.0000000000000002e-07,7e-08,613.49693,12.880894010440107
2.0000000000000002e-07,8e-08,596.42147,12.994323608016325
2.0000000000000002e-07,8e-08,604.83871,12.955172417386148
2.0000000000000002e-07,8e-08,613.49693,12.886882487630848
2.0000000000000002e-07,9.000000000000001e-08,596.42147,12.943267477653144
2.0000000000000002e-07,9.000000000000001e-08,604.83871,12.920605496195952
2.0000000000000002e-07,9.000000000000001e-08,613.49693,12.872112983465923
2.0000000000000002e-07,1.0000000000000001e-07,596.42147,12.900790442193989
2.0000000000000002e-07,1.0000000000000001e-07,604.83871,12.884118676580163
2.0000000000000002e-07,1.0000000000000001e-07,613.49693,12.84941153654698
2.0000000000000002e-07,1.1e-07,596.42147,12.871216120705354
2.0000000000000002e-07,1.1e-07,604.83871,12.854508650927654
2.0000000000000002e-07,1.1e-07,613.49693,12.827902537695863
2.0000000000000002e-07,1.2000000000000004e-07,596.42147,12.851578231747405
2.0000000000000002e-07,1.2000000000000004e-07,604.83871,12.833398033275918
2.0000000000000002e-07,1.2000000000000004e-07,613.49693,12.811347336832766
2.0000000000000002e-07,1.3e-07,596.42147,12.83651077750431
2.0000000000000002e-07,1.3e-07,604.83871,12.818231318675405
2.0000000000000002e-07,1.3e-07,613.49693,12.799406923086185
2.0000000000000002e-07,1.4e-07,596.42147,12.822050070826325
2.0000000000000002e-07,1.4e-07,604.83871,12.805763860490124
2.0000000000000002e-07,1.4e-07,613.49693,12.790156615044038
2.0000000000000002e-07,1.5000000000000002e-07,596.42147,12.807026681686564
2.0000000000000002e-07,1.5000000000000002e-07,604.83871,12.794172817871113
2.0000000000000002e-07,1.5000000000000002e-07,613.49693,12.782078531146029
2.0000000000000002e-07,1.6e-07,596.42147,12.792394727665322
2.0000000000000002e-07,1.6e-07,604.83871,12.7833369377399
2.0000000000000002e-07,1.6e-07,613.49693,12.774737491862593
2.0000000000000002e-07,1.7000000000000001e-07,596.42147,12.77974187169268
2.0000000000000002e-07,1.7000000000000001e-07,604.83871,12.773999920941755
2.0000000000000002e-07,1.7000000000000001e-07,613.49693,12.768430093190752
2.0000000000000002e-07,1.8000000000000002e-07,596.42147,12.77012076199912
2.0000000000000002e-07,1.8000000000000002e-07,604.83871,12.766827598201035
2.0000000000000002e-07,1.8000000000000002e-07,613.49693,12.763548517128498
2.0000000000000002e-07,1.9e-07,596.42147,12.763664781493274
2.0000000000000002e-07,1.9e-07,604.83871,12.761949225623718
2.0000000000000002e-07,1.9e-07,613.49693,12.760194691047216
2.0000000000000002e-07,2.0000000000000002e-07,596.42147,12.759818422253346
2.0000000000000002e-07,2.0000000000000002e-07,604.83871,12.759004475932068
2.0000000000000002e-07,2.0000000000000002e-07,613.49693,12.758150664140796
